1398663411
1426883824
1413142894
1363948882
1400256289
1403215687
526116053
1407551413
493735012
1407358755
316686
1411358329
1330348068
1376873330
569214250
465921195
1346104327
1415829224
1386259535
1406642934
1412242872
1383927243
1374329431
1405283464
1425643256
1359356908
1331819951
1365898499
29004400
1363205817
157276
1365393542
1382596189
1425818677
1426829004
1409329655
1336856777
32835565
1399112638
1389090775
1358848433
1425818683
550138197
1426087898
441491828
1412559986
569213220
1381755293
1313354324
1336856449
1364343491
1385856956
1404885266
1369798757
1357999894
1372060183
28068737
1411784809
1391891631
1293886117
1303289043
460578140
554241732
1297498908
569200213
1383876635
40147554
1409329965
1356350562
1404906595
1425818639
574566207
536096151
536622304
1397345903
1384026889
28018075
31010566
513360721
1412672813
515453363
28481189
1355147933
1334295185
1365221826
1416628288
1334363758
30953009
1376142151
1373168742
1349292048
1357785909
1336856864
553815178
1423137435
1344897943
1374154676
461347998
1343756008
1356499052
412911436
1335350269
504652401
496370620
36270426
480580003
1346093140
1397021895
1417136806
86369
536099160
108390
25727803
1411718813
1338695683
449818741
1426022013
1388357890
1315718569
287035
108281
1416378346
476513774
514761281
28907016
516323185
1408220694
1424766676
1396973729
31445772
1404511131
545350938
406072775
476659144
31789010
1418316824
1300528275
1422989732
569200212
515269424
1377078201
108138
1301884692
139774
26060065
474739467
558290126
1357825630
421423806
1427351449
29814898
1363078221
1426911232
1331593956
1387592437
480426313
479598964
423228325
418602088
1367452194
512359195
1422992414
1384527426
523251118
1425676569
442314990
452986458
1328146041
1372796676
1382423403
456185577
483671599
525278524
516728102
406475394
1362247767
1369601580
1417166015
254574
1316563427
29009655
472361236
439121233
452601948
30352891
1351520305
1427444926
534542079
133998
175072
1426285166
25794009
1396568325
436487129
1403783133
517446139
1352968308
19542337
36990266
1374056689